0   0    0    0     0    0
0.2 0 0 0 0 0
-0.300000000000003 -0.500000000000007 0.250000000000029 -2.94999999999999 1.39999999999998 -0.100000000000088
0.143243471453445 -1.45272800311045 2.22673119721386 2.48898014864168 -0.143256528546572 -0.0594608287207761
2.8 -1.45 1 -1.75 -1.8 -1.3
0.55 -1 0.73 -1.2 -1.55 -2.45
-0.649999999999976 -1.15000000000005 1.300000000001 1.35000000000002 1.50000000000002 1.54999999999988
2.00000000000005 -1.09999999999999 1.35000000000008 -0.150000000000091 -2.06779038336435e-15 1.55000000000003
-0.849999999999954 -1.69999999999999 2.0000000000007 -1.55000000000008 -1.30000000000001 0.700000000000017
0.150000000000046 -0.8 1.15 -1.35 0.05 2.55
-3.1 -0.9 0.95 -0.15 1.75 0
-0.65 -1.51 1.7 -1.25 -1.65 1.05
3.05 -0.9 1.15 0 0.05 0
1.85 -1.65 1.8 -1.55 -1.3 0.7
0.15 -1.05 1.15 0 0 0
0.2 -1.1 1.8 0.0500000000000029 0.0499999999999987 -0.850000000000006